0 0
1 0
0 1
1 1
0 0
1 0
0 1
1 1
0 0
1 1
00 00
01 01
10 10
01 10
10 01
11 11
01 00
11 00
10 00
10 11
000 000
111 111
000 111
010 010
100 111
101 110
111 101
110 111
101 111
100 101
0000 0000
1111 1111
1010 1110
1011 1010
1000 0001
1101 1010
1110 1011
1111 1011
1000 1111
1001 1010
00000 00000
11111 11111
10101 10110
10001 10100
11100 10111
11011 10010
10100 11110
11010 10100
10000 00000
11101 10111
000000 000000
111111 111111
101010 110111
110111 110000
100001 111100
100110 101011
101011 101011
110000 111101
100011 101011
100100 100111
0000000 0000000
1111111 1111111
1010101 1100101
1011101 1011110
1011001 1011000
1011111 0101101
1010111 1001000
1000100 1011101
1011010 1000001
1000101 1101101
00000000 00000000
11111111 11111111
10101010 10101110
10101110 10010110
11011001 11001011
11101001 10010110
10010110 10100110
10010101 01010110
10101010 10000101
10100110 10101001
000000000 000000000
111111111 111111111
101010101 100110110
101001101 100101101
101001010 100110101
101100111 100101011
110011010 101010011
100101010 110011010
101001011 101001010
110011010 100110010
0000000000 0000000000
1111111111 1111111111
1010101010 1010011010
1010011010 1001010110
1011010011 1011010110
1110101001 1001101010
1001011010 1111010101
1110101011 1111010101
1100110101 1011101010
1011101101 1110110101
